VBE	Ib(Q1)	Ic(Q1)
0.000000000000000e+00	-4.029050e-12	4.100994e-12
1.000000000000000e-03	-4.025596e-12	4.102816e-12
2.000000000000000e-03	-4.022111e-12	4.104638e-12
3.000000000000000e-03	-4.018596e-12	4.106095e-12
4.000000000000000e-03	-4.015049e-12	4.109009e-12
5.000000000000000e-03	-4.011470e-12	4.111559e-12
6.000000000000000e-03	-4.007858e-12	4.113745e-12
7.000000000000000e-03	-4.004213e-12	4.115931e-12
8.000000000000000e-03	-4.000534e-12	4.119210e-12
9.000000000000001e-03	-3.996819e-12	4.121760e-12
1.000000000000000e-02	-3.993069e-12	4.124310e-12
1.100000000000000e-02	-3.989283e-12	4.127953e-12
1.200000000000000e-02	-3.985460e-12	4.131596e-12
1.300000000000000e-02	-3.981598e-12	4.134510e-12
1.400000000000000e-02	-3.977698e-12	4.138518e-12
1.500000000000000e-02	-3.973759e-12	4.142161e-12
1.600000000000000e-02	-3.969779e-12	4.146168e-12
1.700000000000000e-02	-3.965758e-12	4.150540e-12
1.800000000000000e-02	-3.961695e-12	4.155276e-12
1.900000000000000e-02	-3.957589e-12	4.160012e-12
2.000000000000000e-02	-3.953439e-12	4.164748e-12
2.100000000000000e-02	-3.949244e-12	4.169848e-12
2.200000000000000e-02	-3.945004e-12	4.174584e-12
2.300000000000000e-02	-3.940716e-12	4.180778e-12
2.400000000000000e-02	-3.936382e-12	4.186242e-12
2.500000000000000e-02	-3.931999e-12	4.192800e-12
2.600000000000000e-02	-3.927566e-12	4.198993e-12
2.700000000000000e-02	-3.923082e-12	4.206279e-12
2.800000000000000e-02	-3.918547e-12	4.212836e-12
2.900000000000000e-02	-3.913959e-12	4.220487e-12
3.000000000000000e-02	-3.909316e-12	4.228137e-12
3.100000000000000e-02	-3.904619e-12	4.235788e-12
3.200000000000000e-02	-3.899866e-12	4.244531e-12
3.300000000000000e-02	-3.895055e-12	4.253274e-12
3.400000000000000e-02	-3.890185e-12	4.262018e-12
3.500000000000000e-02	-3.885255e-12	4.271854e-12
3.600000000000000e-02	-3.880265e-12	4.281690e-12
3.700000000000000e-02	-3.875211e-12	4.291891e-12
3.800000000000000e-02	-3.870095e-12	4.303185e-12
3.900000000000000e-02	-3.864913e-12	4.314114e-12
4.000000000000000e-02	-3.859665e-12	4.326136e-12
4.100000000000000e-02	-3.854348e-12	4.338522e-12
4.200000000000000e-02	-3.848963e-12	4.350909e-12
4.300000000000000e-02	-3.843507e-12	4.364023e-12
4.400000000000000e-02	-3.837979e-12	4.378596e-12
4.500000000000000e-02	-3.832375e-12	4.393168e-12
4.600000000000000e-02	-3.826698e-12	4.407740e-12
4.700000000000000e-02	-3.820944e-12	4.423770e-12
4.800000000000000e-02	-3.815109e-12	4.440892e-12
4.900000000000000e-02	-3.809196e-12	4.457286e-12
5.000000000000000e-02	-3.803201e-12	4.474773e-12
5.100000000000000e-02	-3.797122e-12	4.493717e-12
5.200000000000000e-02	-3.790958e-12	4.512660e-12
5.300000000000000e-02	-3.784705e-12	4.533061e-12
5.400000000000000e-02	-3.778365e-12	4.554191e-12
5.500000000000000e-02	-3.771933e-12	4.575685e-12
5.600000000000000e-02	-3.765407e-12	4.597908e-12
5.700000000000000e-02	-3.758788e-12	4.621952e-12
5.800000000000000e-02	-3.752072e-12	4.646361e-12
5.900000000000000e-02	-3.745255e-12	4.672227e-12
6.000000000000000e-02	-3.738338e-12	4.698821e-12
6.100000000000000e-02	-3.731318e-12	4.727237e-12
6.200000000000000e-02	-3.724192e-12	4.755652e-12
6.300000000000000e-02	-3.716959e-12	4.785890e-12
6.400000000000000e-02	-3.709615e-12	4.816856e-12
6.500000000000000e-02	-3.702158e-12	4.849279e-12
6.600000000000000e-02	-3.694588e-12	4.883524e-12
6.700000000000000e-02	-3.686901e-12	4.919226e-12
6.800000000000000e-02	-3.679092e-12	4.955657e-12
6.900000000000001e-02	-3.671162e-12	4.993180e-12
7.000000000000001e-02	-3.663108e-12	5.033254e-12
7.100000000000001e-02	-3.654925e-12	5.075149e-12
7.200000000000001e-02	-3.646611e-12	5.118137e-12
7.300000000000000e-02	-3.638166e-12	5.162583e-12
7.400000000000000e-02	-3.629584e-12	5.209214e-12
7.500000000000000e-02	-3.620862e-12	5.257667e-12
7.600000000000000e-02	-3.611999e-12	5.308305e-12
7.700000000000000e-02	-3.602990e-12	5.360401e-12
7.800000000000000e-02	-3.593834e-12	5.415047e-12
7.900000000000000e-02	-3.584526e-12	5.471879e-12
8.000000000000000e-02	-3.575065e-12	5.529803e-12
8.100000000000000e-02	-3.565443e-12	5.591371e-12
8.200000000000000e-02	-3.555662e-12	5.655124e-12
8.300000000000000e-02	-3.545716e-12	5.721792e-12
8.400000000000001e-02	-3.535600e-12	5.791011e-12
8.500000000000001e-02	-3.525315e-12	5.862779e-12
8.600000000000001e-02	-3.514851e-12	5.936733e-12
8.700000000000001e-02	-3.504208e-12	6.014695e-12
8.799999999999999e-02	-3.493383e-12	6.094842e-12
8.900000000000000e-02	-3.482368e-12	6.178997e-12
9.000000000000000e-02	-3.471165e-12	6.266430e-12
9.100000000000000e-02	-3.459764e-12	6.357507e-12
9.200000000000000e-02	-3.448161e-12	6.451133e-12
9.300000000000000e-02	-3.436358e-12	6.549496e-12
9.400000000000000e-02	-3.424343e-12	6.651502e-12
9.500000000000000e-02	-3.412115e-12	6.757515e-12
9.600000000000000e-02	-3.399670e-12	6.867536e-12
9.700000000000000e-02	-3.387000e-12	6.981563e-12
9.800000000000000e-02	-3.374105e-12	7.101420e-12
9.900000000000000e-02	-3.360974e-12	7.225284e-12
1.000000000000000e-01	-3.347609e-12	7.353884e-12
1.010000000000000e-01	-3.333998e-12	7.487949e-12
1.020000000000000e-01	-3.320139e-12	7.627479e-12
1.030000000000000e-01	-3.306028e-12	7.771743e-12
1.040000000000000e-01	-3.291654e-12	7.922931e-12
1.050000000000000e-01	-3.277017e-12	8.079218e-12
1.060000000000000e-01	-3.262109e-12	8.241698e-12
1.070000000000000e-01	-3.246923e-12	8.411101e-12
1.080000000000000e-01	-3.231453e-12	8.587061e-12
1.090000000000000e-01	-3.215693e-12	8.769942e-12
1.100000000000000e-01	-3.199641e-12	8.960110e-12
1.110000000000000e-01	-3.183279e-12	9.157564e-12
1.120000000000000e-01	-3.166613e-12	9.363033e-12
1.130000000000000e-01	-3.149631e-12	9.576880e-12
1.140000000000000e-01	-3.132323e-12	9.798378e-12
1.150000000000000e-01	-3.114686e-12	1.002971e-11
1.160000000000000e-01	-3.096711e-12	1.026943e-11
1.170000000000000e-01	-3.078389e-12	1.051861e-11
1.180000000000000e-01	-3.059716e-12	1.077800e-11
1.190000000000000e-01	-3.040680e-12	1.104722e-11
1.200000000000000e-01	-3.021274e-12	1.132810e-11
1.210000000000000e-01	-3.001492e-12	1.161882e-11
1.220000000000000e-01	-2.981320e-12	1.192192e-11
1.230000000000000e-01	-2.960757e-12	1.223668e-11
1.240000000000000e-01	-2.939790e-12	1.256383e-11
1.250000000000000e-01	-2.918409e-12	1.290409e-11
1.260000000000000e-01	-2.896608e-12	1.325747e-11
1.270000000000000e-01	-2.874369e-12	1.362505e-11
1.280000000000000e-01	-2.851692e-12	1.400684e-11
1.290000000000000e-01	-2.828563e-12	1.440467e-11
1.300000000000000e-01	-2.804968e-12	1.481779e-11
1.310000000000000e-01	-2.780905e-12	1.524621e-11
1.320000000000000e-01	-2.756356e-12	1.569285e-11
1.330000000000000e-01	-2.731312e-12	1.615661e-11
1.340000000000000e-01	-2.705761e-12	1.663823e-11
1.350000000000000e-01	-2.679693e-12	1.713951e-11
1.360000000000000e-01	-2.653096e-12	1.766083e-11
1.370000000000000e-01	-2.625957e-12	1.820183e-11
1.380000000000000e-01	-2.598257e-12	1.876468e-11
1.390000000000000e-01	-2.569998e-12	1.934939e-11
1.400000000000000e-01	-2.541157e-12	1.995778e-11
1.410000000000000e-01	-2.511718e-12	2.058986e-11
1.420000000000000e-01	-2.481672e-12	2.124706e-11
1.430000000000000e-01	-2.451007e-12	2.193014e-11
1.440000000000000e-01	-2.419699e-12	2.264054e-11
1.450000000000000e-01	-2.387744e-12	2.337825e-11
1.460000000000000e-01	-2.355120e-12	2.414548e-11
1.470000000000000e-01	-2.321814e-12	2.494259e-11
1.480000000000000e-01	-2.287808e-12	2.577102e-11
1.490000000000000e-01	-2.253092e-12	2.663297e-11
1.500000000000000e-01	-2.217634e-12	2.752843e-11
1.510000000000000e-01	-2.181433e-12	2.845887e-11
1.520000000000000e-01	-2.144462e-12	2.942683e-11
1.530000000000000e-01	-2.106708e-12	3.043195e-11
1.540000000000000e-01	-2.068150e-12	3.147714e-11
1.550000000000000e-01	-2.028763e-12	3.256387e-11
1.560000000000000e-01	-1.988537e-12	3.369322e-11
1.570000000000000e-01	-1.947449e-12	3.486738e-11
1.580000000000000e-01	-1.905470e-12	3.608707e-11
1.590000000000000e-01	-1.862591e-12	3.735559e-11
1.600000000000000e-01	-1.818783e-12	3.867401e-11
1.610000000000000e-01	-1.774023e-12	4.004453e-11
1.620000000000000e-01	-1.728292e-12	4.146897e-11
1.630000000000000e-01	-1.681565e-12	4.294951e-11
1.640000000000000e-01	-1.633811e-12	4.448834e-11
1.650000000000000e-01	-1.585015e-12	4.608801e-11
1.660000000000000e-01	-1.535149e-12	4.775034e-11
1.670000000000000e-01	-1.484182e-12	4.947861e-11
1.680000000000000e-01	-1.432094e-12	5.127500e-11
1.690000000000000e-01	-1.378847e-12	5.314207e-11
1.700000000000000e-01	-1.324424e-12	5.508273e-11
1.710000000000000e-01	-1.268789e-12	5.710026e-11
1.720000000000000e-01	-1.211914e-12	5.919647e-11
1.730000000000000e-01	-1.153767e-12	6.137612e-11
1.740000000000000e-01	-1.094318e-12	6.364137e-11
1.750000000000000e-01	-1.033528e-12	6.599625e-11
1.760000000000000e-01	-9.713773e-13	6.844365e-11
1.770000000000000e-01	-9.078190e-13	7.098724e-11
1.780000000000000e-01	-8.428190e-13	7.363138e-11
1.790000000000000e-01	-7.763494e-13	7.638006e-11
1.800000000000000e-01	-7.083622e-13	7.923623e-11
1.810000000000000e-01	-6.388255e-13	8.220569e-11
1.820000000000000e-01	-5.676994e-13	8.529245e-11
1.830000000000000e-01	-4.949418e-13	8.850017e-11
1.840000000000000e-01	-4.205110e-13	9.183466e-11
1.850000000000000e-01	-3.443668e-13	9.530030e-11
1.860000000000000e-01	-2.664595e-13	9.890257e-11
1.870000000000000e-01	-1.867491e-13	1.026473e-10
1.880000000000000e-01	-1.051856e-13	1.065392e-10
1.890000000000000e-01	-2.172323e-14	1.105840e-10
1.900000000000000e-01	6.369006e-14	1.147892e-10
1.910000000000000e-01	1.511022e-13	1.191594e-10
1.920000000000000e-01	2.405670e-13	1.237031e-10
1.930000000000000e-01	3.321364e-13	1.284248e-10
1.940000000000000e-01	4.258684e-13	1.333324e-10
1.950000000000000e-01	5.218188e-13	1.384334e-10
1.960000000000000e-01	6.200436e-13	1.437359e-10
1.970000000000000e-01	7.206086e-13	1.492464e-10
1.980000000000000e-01	8.235718e-13	1.549747e-10
1.990000000000000e-01	9.289991e-13	1.609297e-10
2.000000000000000e-01	1.036956e-12	1.671178e-10
2.010000000000000e-01	1.147511e-12	1.735504e-10
2.020000000000000e-01	1.260728e-12	1.802368e-10
2.030000000000000e-01	1.376687e-12	1.871863e-10
2.040000000000000e-01	1.495460e-12	1.944098e-10
2.050000000000000e-01	1.617116e-12	2.019181e-10
2.060000000000000e-01	1.741742e-12	2.097216e-10
2.070000000000000e-01	1.869420e-12	2.178332e-10
2.080000000000000e-01	2.000222e-12	2.262647e-10
2.090000000000000e-01	2.134248e-12	2.350277e-10
2.100000000000000e-01	2.271574e-12	2.441361e-10
2.110000000000000e-01	2.412297e-12	2.536037e-10
2.120000000000000e-01	2.556514e-12	2.634451e-10
2.130000000000000e-01	2.704320e-12	2.736730e-10
2.140000000000000e-01	2.855809e-12	2.843049e-10
2.150000000000000e-01	3.011089e-12	2.953550e-10
2.160000000000000e-01	3.170264e-12	3.068412e-10
2.170000000000000e-01	3.333443e-12	3.187792e-10
2.180000000000000e-01	3.500743e-12	3.311885e-10
2.190000000000000e-01	3.672280e-12	3.440865e-10
2.200000000000000e-01	3.848165e-12	3.574918e-10
2.210000000000000e-01	4.028530e-12	3.714265e-10
2.220000000000000e-01	4.213502e-12	3.859099e-10
2.230000000000000e-01	4.403208e-12	4.009634e-10
2.240000000000000e-01	4.597785e-12	4.166111e-10
2.250000000000000e-01	4.797376e-12	4.328748e-10
2.260000000000000e-01	5.002122e-12	4.497797e-10
2.270000000000000e-01	5.212174e-12	4.673502e-10
2.280000000000000e-01	5.427685e-12	4.856124e-10
2.290000000000000e-01	5.648817e-12	5.045958e-10
2.300000000000000e-01	5.875726e-12	5.243258e-10
2.310000000000000e-01	6.108585e-12	5.448337e-10
2.320000000000000e-01	6.347568e-12	5.661496e-10
2.330000000000000e-01	6.592860e-12	5.883056e-10
2.340000000000000e-01	6.844641e-12	6.113345e-10
2.350000000000000e-01	7.103105e-12	6.352709e-10
2.360000000000000e-01	7.368449e-12	6.601504e-10
2.370000000000000e-01	7.640874e-12	6.860104e-10
2.380000000000000e-01	7.920603e-12	7.128885e-10
2.390000000000000e-01	8.207845e-12	7.408264e-10
2.400000000000000e-01	8.502819e-12	7.698649e-10
2.410000000000000e-01	8.805768e-12	8.000480e-10
2.420000000000000e-01	9.116940e-12	8.314192e-10
2.430000000000000e-01	9.436568e-12	8.640278e-10
2.440000000000000e-01	9.764911e-12	8.979203e-10
2.450000000000000e-01	1.010224e-11	9.331488e-10
2.460000000000000e-01	1.044883e-11	9.697652e-10
2.470000000000000e-01	1.080496e-11	1.007824e-09
2.480000000000000e-01	1.117092e-11	1.047383e-09
2.490000000000000e-01	1.154702e-11	1.088500e-09
2.500000000000000e-01	1.193357e-11	1.131238e-09
2.510000000000000e-01	1.233089e-11	1.175659e-09
2.520000000000000e-01	1.273931e-11	1.221830e-09
2.530000000000000e-01	1.315919e-11	1.269821e-09
2.540000000000000e-01	1.359088e-11	1.319702e-09
2.550000000000000e-01	1.403474e-11	1.371549e-09
2.560000000000000e-01	1.449117e-11	1.425439e-09
2.570000000000000e-01	1.496055e-11	1.481452e-09
2.580000000000000e-01	1.544329e-11	1.539673e-09
2.590000000000000e-01	1.593982e-11	1.600187e-09
2.600000000000000e-01	1.645057e-11	1.663085e-09
2.610000000000000e-01	1.697599e-11	1.728462e-09
2.620000000000000e-01	1.751656e-11	1.796415e-09
2.630000000000000e-01	1.807274e-11	1.867045e-09
2.640000000000000e-01	1.864506e-11	1.940457e-09
2.650000000000000e-01	1.923402e-11	2.016763e-09
2.660000000000000e-01	1.984016e-11	2.096075e-09
2.670000000000000e-01	2.046403e-11	2.178512e-09
2.680000000000000e-01	2.110620e-11	2.264196e-09
2.690000000000000e-01	2.176728e-11	2.353258e-09
2.700000000000000e-01	2.244787e-11	2.445828e-09
2.710000000000000e-01	2.314861e-11	2.542045e-09
2.720000000000000e-01	2.387016e-11	2.642053e-09
2.730000000000000e-01	2.461319e-11	2.746001e-09
2.740000000000000e-01	2.537843e-11	2.854046e-09
2.750000000000000e-01	2.616658e-11	2.966348e-09
2.760000000000000e-01	2.697842e-11	3.083075e-09
2.770000000000000e-01	2.781472e-11	3.204400e-09
2.780000000000000e-01	2.867630e-11	3.330505e-09
2.790000000000000e-01	2.956398e-11	3.461579e-09
2.800000000000000e-01	3.047865e-11	3.597818e-09
2.810000000000000e-01	3.142120e-11	3.739425e-09
2.820000000000000e-01	3.239256e-11	3.886611e-09
2.830000000000000e-01	3.339371e-11	4.039597e-09
2.840000000000000e-01	3.442564e-11	4.198609e-09
2.850000000000000e-01	3.548937e-11	4.363887e-09
2.860000000000000e-01	3.658599e-11	4.535678e-09
2.870000000000000e-01	3.771662e-11	4.714236e-09
2.880000000000000e-01	3.888239e-11	4.899830e-09
2.890000000000000e-01	4.008452e-11	5.092737e-09
2.900000000000000e-01	4.132421e-11	5.293245e-09
2.910000000000000e-01	4.260277e-11	5.501652e-09
2.920000000000000e-01	4.392152e-11	5.718271e-09
2.930000000000000e-01	4.528182e-11	5.943425e-09
2.940000000000000e-01	4.668511e-11	6.177450e-09
2.950000000000000e-01	4.813287e-11	6.420695e-09
2.960000000000000e-01	4.962662e-11	6.673524e-09
2.970000000000000e-01	5.116796e-11	6.936316e-09
2.980000000000000e-01	5.275850e-11	7.209461e-09
2.990000000000000e-01	5.439999e-11	7.493368e-09
3.000000000000000e-01	5.609417e-11	7.788461e-09
3.010000000000000e-01	5.784287e-11	8.095181e-09
3.020000000000000e-01	5.964799e-11	8.413986e-09
3.030000000000000e-01	6.151151e-11	8.745352e-09
3.040000000000000e-01	6.343547e-11	9.089774e-09
3.050000000000000e-01	6.542196e-11	9.447767e-09
3.060000000000000e-01	6.747319e-11	9.819865e-09
3.070000000000000e-01	6.959144e-11	1.020662e-08
3.080000000000000e-01	7.177905e-11	1.060862e-08
3.090000000000000e-01	7.403848e-11	1.102646e-08
3.100000000000000e-01	7.637226e-11	1.146075e-08
3.110000000000000e-01	7.878303e-11	1.191216e-08
3.120000000000000e-01	8.127349e-11	1.238136e-08
3.130000000000000e-01	8.384648e-11	1.286904e-08
3.140000000000000e-01	8.650494e-11	1.337594e-08
3.150000000000000e-01	8.925190e-11	1.390281e-08
3.160000000000000e-01	9.209053e-11	1.445044e-08
3.170000000000000e-01	9.502409e-11	1.501964e-08
3.180000000000000e-01	9.805597e-11	1.561127e-08
3.190000000000000e-01	1.011897e-10	1.622622e-08
3.200000000000000e-01	1.044289e-10	1.686539e-08
3.210000000000000e-01	1.077774e-10	1.752974e-08
3.220000000000000e-01	1.112392e-10	1.822027e-08
3.230000000000000e-01	1.148182e-10	1.893801e-08
3.240000000000000e-01	1.185187e-10	1.968403e-08
3.250000000000000e-01	1.223452e-10	2.045944e-08
3.260000000000000e-01	1.263021e-10	2.126540e-08
3.270000000000000e-01	1.303942e-10	2.210312e-08
3.280000000000000e-01	1.346264e-10	2.297384e-08
3.290000000000000e-01	1.390037e-10	2.387887e-08
3.300000000000000e-01	1.435315e-10	2.481956e-08
3.310000000000000e-01	1.482153e-10	2.579731e-08
3.320000000000000e-01	1.530607e-10	2.681359e-08
3.330000000000000e-01	1.580735e-10	2.786990e-08
3.340000000000000e-01	1.632600e-10	2.896784e-08
3.350000000000000e-01	1.686265e-10	3.010904e-08
3.360000000000000e-01	1.741796e-10	3.129519e-08
3.370000000000000e-01	1.799260e-10	3.252809e-08
3.380000000000000e-01	1.858730e-10	3.380956e-08
3.390000000000000e-01	1.920279e-10	3.514152e-08
3.400000000000000e-01	1.983982e-10	3.652596e-08
3.410000000000000e-01	2.049921e-10	3.796495e-08
3.420000000000000e-01	2.118177e-10	3.946064e-08
3.430000000000000e-01	2.188835e-10	4.101525e-08
3.440000000000000e-01	2.261985e-10	4.263112e-08
3.450000000000000e-01	2.337718e-10	4.431065e-08
3.460000000000000e-01	2.416131e-10	4.605636e-08
3.470000000000000e-01	2.497322e-10	4.787085e-08
3.480000000000000e-01	2.581394e-10	4.975683e-08
3.490000000000000e-01	2.668456e-10	5.171712e-08
3.500000000000000e-01	2.758617e-10	5.375464e-08
3.510000000000000e-01	2.851994e-10	5.587245e-08
3.520000000000000e-01	2.948705e-10	5.807369e-08
3.530000000000000e-01	3.048875e-10	6.036167e-08
3.540000000000000e-01	3.152634e-10	6.273979e-08
3.550000000000000e-01	3.260116e-10	6.521161e-08
3.560000000000000e-01	3.371458e-10	6.778082e-08
3.570000000000000e-01	3.486807e-10	7.045126e-08
3.580000000000000e-01	3.606312e-10	7.322691e-08
3.590000000000000e-01	3.730129e-10	7.611193e-08
3.600000000000000e-01	3.858419e-10	7.911062e-08
3.610000000000000e-01	3.991351e-10	8.222746e-08
3.620000000000000e-01	4.129099e-10	8.546710e-08
3.630000000000000e-01	4.271844e-10	8.883438e-08
3.640000000000000e-01	4.419775e-10	9.233433e-08
3.650000000000000e-01	4.573085e-10	9.597219e-08
3.660000000000000e-01	4.731979e-10	9.975338e-08
3.670000000000000e-01	4.896666e-10	1.036835e-07
3.680000000000000e-01	5.067367e-10	1.077686e-07
3.690000000000000e-01	5.244307e-10	1.120145e-07
3.700000000000000e-01	5.427722e-10	1.164278e-07
3.710000000000000e-01	5.617858e-10	1.210149e-07
3.720000000000000e-01	5.814970e-10	1.257828e-07
3.730000000000000e-01	6.019319e-10	1.307385e-07
3.740000000000000e-01	6.231184e-10	1.358895e-07
3.750000000000000e-01	6.450847e-10	1.412435e-07
3.760000000000000e-01	6.678604e-10	1.468083e-07
3.770000000000000e-01	6.914763e-10	1.525925e-07
3.780000000000000e-01	7.159645e-10	1.586045e-07
3.790000000000000e-01	7.413579e-10	1.648534e-07
3.800000000000000e-01	7.676910e-10	1.713486e-07
3.810000000000000e-01	7.949998e-10	1.780996e-07
3.820000000000000e-01	8.233212e-10	1.851166e-07
3.830000000000000e-01	8.526940e-10	1.924101e-07
3.840000000000000e-01	8.831583e-10	1.999910e-07
3.850000000000000e-01	9.147555e-10	2.078705e-07
3.860000000000000e-01	9.475292e-10	2.160605e-07
3.870000000000000e-01	9.815242e-10	2.245732e-07
3.880000000000000e-01	1.016787e-09	2.334213e-07
3.890000000000000e-01	1.053367e-09	2.426180e-07
3.900000000000000e-01	1.091313e-09	2.521770e-07
3.910000000000000e-01	1.130678e-09	2.621127e-07
3.920000000000000e-01	1.171517e-09	2.724399e-07
3.930000000000000e-01	1.213886e-09	2.831739e-07
3.940000000000000e-01	1.257844e-09	2.943309e-07
3.950000000000000e-01	1.303451e-09	3.059274e-07
3.960000000000000e-01	1.350772e-09	3.179809e-07
3.970000000000000e-01	1.399871e-09	3.305092e-07
3.980000000000000e-01	1.450817e-09	3.435312e-07
3.990000000000000e-01	1.503681e-09	3.570662e-07
4.000000000000000e-01	1.558537e-09	3.711346e-07
4.010000000000000e-01	1.615461e-09	3.857572e-07
4.020000000000000e-01	1.674534e-09	4.009559e-07
4.030000000000000e-01	1.735837e-09	4.167535e-07
4.040000000000000e-01	1.799456e-09	4.331735e-07
4.050000000000000e-01	1.865482e-09	4.502404e-07
4.060000000000000e-01	1.934006e-09	4.679798e-07
4.070000000000000e-01	2.005125e-09	4.864181e-07
4.080000000000000e-01	2.078939e-09	5.055829e-07
4.090000000000000e-01	2.155553e-09	5.255027e-07
4.100000000000000e-01	2.235073e-09	5.462074e-07
4.110000000000000e-01	2.317613e-09	5.677279e-07
4.120000000000000e-01	2.403288e-09	5.900963e-07
4.130000000000000e-01	2.492221e-09	6.133459e-07
4.140000000000000e-01	2.584537e-09	6.375117e-07
4.150000000000000e-01	2.680367e-09	6.626295e-07
4.160000000000000e-01	2.779847e-09	6.887370e-07
4.170000000000000e-01	2.883118e-09	7.158731e-07
4.180000000000000e-01	2.990327e-09	7.440783e-07
4.190000000000000e-01	3.101626e-09	7.733948e-07
4.200000000000000e-01	3.217175e-09	8.038664e-07
4.210000000000000e-01	3.337136e-09	8.355385e-07
4.220000000000000e-01	3.461682e-09	8.684585e-07
4.230000000000000e-01	3.590990e-09	9.026756e-07
4.240000000000000e-01	3.725245e-09	9.382408e-07
4.250000000000000e-01	3.864639e-09	9.752072e-07
4.260000000000000e-01	4.009372e-09	1.013630e-06
4.270000000000000e-01	4.159649e-09	1.053567e-06
4.280000000000000e-01	4.315687e-09	1.095077e-06
4.290000000000000e-01	4.477710e-09	1.138223e-06
4.300000000000000e-01	4.645950e-09	1.183068e-06
4.310000000000000e-01	4.820647e-09	1.229681e-06
4.320000000000000e-01	5.002055e-09	1.278130e-06
4.330000000000000e-01	5.190433e-09	1.328488e-06
4.340000000000000e-01	5.386052e-09	1.380829e-06
4.350000000000000e-01	5.589193e-09	1.435233e-06
4.360000000000000e-01	5.800151e-09	1.491781e-06
4.370000000000000e-01	6.019227e-09	1.550556e-06
4.380000000000000e-01	6.246740e-09	1.611648e-06
4.390000000000000e-01	6.483017e-09	1.675146e-06
4.400000000000000e-01	6.728399e-09	1.741146e-06
4.410000000000000e-01	6.983241e-09	1.809746e-06
4.420000000000000e-01	7.247911e-09	1.881049e-06
4.430000000000000e-01	7.522792e-09	1.955161e-06
4.440000000000000e-01	7.808283e-09	2.032193e-06
4.450000000000000e-01	8.104797e-09	2.112260e-06
4.460000000000000e-01	8.412762e-09	2.195481e-06
4.470000000000000e-01	8.732627e-09	2.281982e-06
4.480000000000000e-01	9.064856e-09	2.371890e-06
4.490000000000000e-01	9.409929e-09	2.465340e-06
4.500000000000000e-01	9.768349e-09	2.562472e-06
4.510000000000000e-01	1.014064e-08	2.663431e-06
4.520000000000000e-01	1.052733e-08	2.768368e-06
4.530000000000000e-01	1.092900e-08	2.877439e-06
4.540000000000000e-01	1.134622e-08	2.990807e-06
4.550000000000000e-01	1.177960e-08	3.108642e-06
4.560000000000000e-01	1.222978e-08	3.231118e-06
4.570000000000000e-01	1.269741e-08	3.358420e-06
4.580000000000000e-01	1.318317e-08	3.490738e-06
4.590000000000000e-01	1.368777e-08	3.628268e-06
4.600000000000000e-01	1.421195e-08	3.771217e-06
4.610000000000000e-01	1.475647e-08	3.919798e-06
4.620000000000000e-01	1.532212e-08	4.074232e-06
4.630000000000000e-01	1.590974e-08	4.234750e-06
4.640000000000000e-01	1.652018e-08	4.401591e-06
4.650000000000000e-01	1.715433e-08	4.575007e-06
4.660000000000000e-01	1.781313e-08	4.755253e-06
4.670000000000000e-01	1.849753e-08	4.942602e-06
4.680000000000000e-01	1.920853e-08	5.137330e-06
4.690000000000000e-01	1.994719e-08	5.339730e-06
4.700000000000000e-01	2.071457e-08	5.550104e-06
4.710000000000000e-01	2.151181e-08	5.768766e-06
4.720000000000000e-01	2.234007e-08	5.996042e-06
4.730000000000000e-01	2.320057e-08	6.232271e-06
4.740000000000000e-01	2.409457e-08	6.477806e-06
4.750000000000000e-01	2.502338e-08	6.733014e-06
4.760000000000000e-01	2.598837e-08	6.998276e-06
4.770000000000000e-01	2.699094e-08	7.273988e-06
4.780000000000000e-01	2.803258e-08	7.560561e-06
4.790000000000000e-01	2.911481e-08	7.858423e-06
4.800000000000000e-01	3.023922e-08	8.168019e-06
4.810000000000000e-01	3.140747e-08	8.489810e-06
4.820000000000000e-01	3.262127e-08	8.824279e-06
4.830000000000000e-01	3.388241e-08	9.171922e-06
4.840000000000000e-01	3.519274e-08	9.533260e-06
4.850000000000000e-01	3.655419e-08	9.908831e-06
4.860000000000000e-01	3.796877e-08	1.029920e-05
4.870000000000000e-01	3.943856e-08	1.070494e-05
4.880000000000000e-01	4.096571e-08	1.112667e-05
4.890000000000000e-01	4.255249e-08	1.156500e-05
4.900000000000000e-01	4.420122e-08	1.202061e-05
4.910000000000000e-01	4.591434e-08	1.249416e-05
4.920000000000000e-01	4.769437e-08	1.298636e-05
4.930000000000000e-01	4.954394e-08	1.349795e-05
4.940000000000000e-01	5.146576e-08	1.402969e-05
4.950000000000000e-01	5.346269e-08	1.458237e-05
4.960000000000000e-01	5.553766e-08	1.515682e-05
4.970000000000000e-01	5.769373e-08	1.575390e-05
4.980000000000000e-01	5.993408e-08	1.637450e-05
4.990000000000000e-01	6.226202e-08	1.701953e-05
5.000000000000000e-01	6.468100e-08	1.768998e-05
5.010000000000000e-01	6.719456e-08	1.838682e-05
5.020000000000000e-01	6.980644e-08	1.911112e-05
5.030000000000000e-01	7.252049e-08	1.986393e-05
5.040000000000000e-01	7.534070e-08	2.064640e-05
5.050000000000000e-01	7.827126e-08	2.145968e-05
5.060000000000000e-01	8.131649e-08	2.230498e-05
5.070000000000000e-01	8.448090e-08	2.318358e-05
5.080000000000000e-01	8.776914e-08	2.409678e-05
5.090000000000000e-01	9.118610e-08	2.504593e-05
5.100000000000000e-01	9.473681e-08	2.603246e-05
5.110000000000000e-01	9.842653e-08	2.705784e-05
5.120000000000000e-01	1.022607e-07	2.812359e-05
5.130000000000000e-01	1.062450e-07	2.923131e-05
5.140000000000000e-01	1.103854e-07	3.038264e-05
5.150000000000000e-01	1.146879e-07	3.157931e-05
5.160000000000000e-01	1.191589e-07	3.282309e-05
5.170000000000000e-01	1.238050e-07	3.411584e-05
5.180000000000000e-01	1.286332e-07	3.545948e-05
5.190000000000000e-01	1.336504e-07	3.685602e-05
5.200000000000000e-01	1.388643e-07	3.830754e-05
5.210000000000000e-01	1.442824e-07	3.981620e-05
5.220000000000000e-01	1.499129e-07	4.138425e-05
5.230000000000000e-01	1.557639e-07	4.301402e-05
5.240000000000000e-01	1.618443e-07	4.470794e-05
5.250000000000000e-01	1.681630e-07	4.646854e-05
5.260000000000000e-01	1.747293e-07	4.829843e-05
5.270000000000000e-01	1.815529e-07	5.020034e-05
5.280000000000000e-01	1.886441e-07	5.217710e-05
5.290000000000000e-01	1.960132e-07	5.423166e-05
5.300000000000000e-01	2.036711e-07	5.636706e-05
5.310000000000000e-01	2.116293e-07	5.858649e-05
5.320000000000000e-01	2.198994e-07	6.089325e-05
5.330000000000000e-01	2.284938e-07	6.329078e-05
5.340000000000000e-01	2.374251e-07	6.578263e-05
5.350000000000000e-01	2.467066e-07	6.837252e-05
5.360000000000000e-01	2.563520e-07	7.106429e-05
5.370000000000000e-01	2.663756e-07	7.386195e-05
5.380000000000000e-01	2.767921e-07	7.676965e-05
5.390000000000000e-01	2.876171e-07	7.979172e-05
5.400000000000000e-01	2.988666e-07	8.293263e-05
5.410000000000000e-01	3.105571e-07	8.619708e-05
5.420000000000000e-01	3.227060e-07	8.958988e-05
5.430000000000000e-01	3.353312e-07	9.311610e-05
5.440000000000000e-01	3.484515e-07	9.678097e-05
5.450000000000000e-01	3.620863e-07	1.005899e-04
5.460000000000000e-01	3.762556e-07	1.045486e-04
5.470000000000000e-01	3.909805e-07	1.086629e-04
5.480000000000000e-01	4.062827e-07	1.129388e-04
5.490000000000000e-01	4.221848e-07	1.173829e-04
5.500000000000000e-01	4.387104e-07	1.220015e-04
5.510000000000000e-01	4.558838e-07	1.268016e-04
5.520000000000000e-01	4.737305e-07	1.317904e-04
5.530000000000000e-01	4.922767e-07	1.369751e-04
5.540000000000000e-01	5.115500e-07	1.423634e-04
5.550000000000000e-01	5.315787e-07	1.479634e-04
5.560000000000000e-01	5.523924e-07	1.537832e-04
5.570000000000001e-01	5.740218e-07	1.598316e-04
5.580000000000001e-01	5.964988e-07	1.661174e-04
5.590000000000001e-01	6.198566e-07	1.726499e-04
5.600000000000001e-01	6.441297e-07	1.794388e-04
5.610000000000001e-01	6.693537e-07	1.864942e-04
5.620000000000001e-01	6.955659e-07	1.938263e-04
5.630000000000001e-01	7.228049e-07	2.014461e-04
5.640000000000001e-01	7.511108e-07	2.093647e-04
5.650000000000001e-01	7.805252e-07	2.175938e-04
5.660000000000001e-01	8.110915e-07	2.261456e-04
5.670000000000001e-01	8.428545e-07	2.350326e-04
5.680000000000001e-01	8.758610e-07	2.442679e-04
5.690000000000001e-01	9.101595e-07	2.538650e-04
5.700000000000001e-01	9.458004e-07	2.638382e-04
5.710000000000001e-01	9.828358e-07	2.742019e-04
5.720000000000001e-01	1.021320e-06	2.849714e-04
5.730000000000001e-01	1.061310e-06	2.961626e-04
5.740000000000001e-01	1.102864e-06	3.077917e-04
5.750000000000001e-01	1.146043e-06	3.198759e-04
5.760000000000001e-01	1.190910e-06	3.324327e-04
5.770000000000000e-01	1.237530e-06	3.454806e-04
5.780000000000000e-01	1.285973e-06	3.590385e-04
5.790000000000000e-01	1.336308e-06	3.731264e-04
5.800000000000000e-01	1.388609e-06	3.877646e-04
5.810000000000000e-01	1.442953e-06	4.029746e-04
5.820000000000000e-01	1.499418e-06	4.187784e-04
5.830000000000000e-01	1.558087e-06	4.351990e-04
5.840000000000000e-01	1.619044e-06	4.522603e-04
5.850000000000000e-01	1.682380e-06	4.699869e-04
5.860000000000000e-01	1.748185e-06	4.884046e-04
5.870000000000000e-01	1.816555e-06	5.075400e-04
5.880000000000000e-01	1.887590e-06	5.274208e-04
5.890000000000000e-01	1.961391e-06	5.480755e-04
5.900000000000000e-01	2.038066e-06	5.695341e-04
5.910000000000000e-01	2.117726e-06	5.918274e-04
5.920000000000000e-01	2.200484e-06	6.149873e-04
5.930000000000000e-01	2.286461e-06	6.390472e-04
5.940000000000000e-01	2.375781e-06	6.640415e-04
5.950000000000000e-01	2.468571e-06	6.900060e-04
5.960000000000000e-01	2.564964e-06	7.169775e-04
5.970000000000000e-01	2.665099e-06	7.449948e-04
5.980000000000000e-01	2.769119e-06	7.740976e-04
5.990000000000000e-01	2.877172e-06	8.043271e-04
6.000000000000000e-01	2.989413e-06	8.357263e-04
6.010000000000000e-01	3.106001e-06	8.683396e-04
6.020000000000000e-01	3.227101e-06	9.022129e-04
6.030000000000000e-01	3.352886e-06	9.373939e-04
6.040000000000000e-01	3.483533e-06	9.739322e-04
6.050000000000000e-01	3.619227e-06	1.011879e-03
6.060000000000000e-01	3.760159e-06	1.051287e-03
6.070000000000000e-01	3.906528e-06	1.092211e-03
6.080000000000000e-01	4.058537e-06	1.134709e-03
6.090000000000000e-01	4.216401e-06	1.178839e-03
6.100000000000000e-01	4.380339e-06	1.224662e-03
6.110000000000000e-01	4.550581e-06	1.272241e-03
6.120000000000000e-01	4.727362e-06	1.321642e-03
6.130000000000000e-01	4.910926e-06	1.372933e-03
6.140000000000000e-01	5.101528e-06	1.426183e-03
6.150000000000000e-01	5.299431e-06	1.481464e-03
6.160000000000000e-01	5.504904e-06	1.538853e-03
6.170000000000000e-01	5.718231e-06	1.598426e-03
6.180000000000000e-01	5.939701e-06	1.660263e-03
6.190000000000000e-01	6.169615e-06	1.724448e-03
6.200000000000000e-01	6.408286e-06	1.791065e-03
6.210000000000000e-01	6.656034e-06	1.860204e-03
6.220000000000000e-01	6.913192e-06	1.931955e-03
6.230000000000000e-01	7.180106e-06	2.006414e-03
6.240000000000000e-01	7.457130e-06	2.083677e-03
6.250000000000000e-01	7.744632e-06	2.163846e-03
6.260000000000000e-01	8.042993e-06	2.247024e-03
6.270000000000000e-01	8.352603e-06	2.333318e-03
6.280000000000000e-01	8.673869e-06	2.422839e-03
6.290000000000000e-01	9.007208e-06	2.515702e-03
6.300000000000000e-01	9.353053e-06	2.612023e-03
6.310000000000000e-01	9.711849e-06	2.711924e-03
6.320000000000000e-01	1.008406e-05	2.815529e-03
6.330000000000000e-01	1.047015e-05	2.922968e-03
6.340000000000000e-01	1.087061e-05	3.034373e-03
6.350000000000000e-01	1.128596e-05	3.149880e-03
6.360000000000000e-01	1.171670e-05	3.269629e-03
6.370000000000000e-01	1.216337e-05	3.393765e-03
6.380000000000000e-01	1.262652e-05	3.522435e-03
6.390000000000000e-01	1.310672e-05	3.655794e-03
6.400000000000000e-01	1.360456e-05	3.793996e-03
6.410000000000000e-01	1.412063e-05	3.937203e-03
6.420000000000000e-01	1.465556e-05	4.085580e-03
6.430000000000000e-01	1.520996e-05	4.239296e-03
6.440000000000000e-01	1.578451e-05	4.398525e-03
6.450000000000000e-01	1.637987e-05	4.563446e-03
6.460000000000000e-01	1.699672e-05	4.734239e-03
6.470000000000000e-01	1.763578e-05	4.911093e-03
6.480000000000000e-01	1.829776e-05	5.094197e-03
6.490000000000000e-01	1.898341e-05	5.283748e-03
6.500000000000000e-01	1.969350e-05	5.479946e-03
6.510000000000000e-01	2.042880e-05	5.682994e-03
6.520000000000000e-01	2.119010e-05	5.893100e-03
6.530000000000000e-01	2.197824e-05	6.110478e-03
6.540000000000000e-01	2.279404e-05	6.335344e-03
6.550000000000000e-01	2.363836e-05	6.567919e-03
6.560000000000000e-01	2.451207e-05	6.808427e-03
6.570000000000000e-01	2.541607e-05	7.057098e-03
6.580000000000000e-01	2.635126e-05	7.314164e-03
6.590000000000000e-01	2.731858e-05	7.579862e-03
6.600000000000000e-01	2.831897e-05	7.854431e-03
6.610000000000000e-01	2.935340e-05	8.138116e-03
6.620000000000000e-01	3.042285e-05	8.431161e-03
6.630000000000000e-01	3.152831e-05	8.733818e-03
6.640000000000000e-01	3.267081e-05	9.046338e-03
6.650000000000000e-01	3.385137e-05	9.368978e-03
6.660000000000000e-01	3.507105e-05	9.701995e-03
6.670000000000000e-01	3.633092e-05	1.004565e-02
6.680000000000000e-01	3.763203e-05	1.040020e-02
6.690000000000000e-01	3.897550e-05	1.076592e-02
6.700000000000000e-01	4.036244e-05	1.114306e-02
6.710000000000000e-01	4.179394e-05	1.153190e-02
6.720000000000000e-01	4.327116e-05	1.193270e-02
6.730000000000000e-01	4.479523e-05	1.234573e-02
6.740000000000000e-01	4.636730e-05	1.277126e-02
6.750000000000000e-01	4.798854e-05	1.320956e-02
6.760000000000000e-01	4.966012e-05	1.366089e-02
6.770000000000000e-01	5.138322e-05	1.412552e-02
6.780000000000000e-01	5.315903e-05	1.460371e-02
6.790000000000000e-01	5.498874e-05	1.509573e-02
6.800000000000000e-01	5.687354e-05	1.560185e-02
6.810000000000000e-01	5.881463e-05	1.612232e-02
6.820000000000001e-01	6.081322e-05	1.665739e-02
6.830000000000001e-01	6.287052e-05	1.720732e-02
6.840000000000001e-01	6.498771e-05	1.777237e-02
6.850000000000001e-01	6.716602e-05	1.835277e-02
6.860000000000001e-01	6.940663e-05	1.894876e-02
6.870000000000001e-01	7.171076e-05	1.956059e-02
6.880000000000001e-01	7.407958e-05	2.018849e-02
6.890000000000001e-01	7.651429e-05	2.083268e-02
6.900000000000001e-01	7.901607e-05	2.149338e-02
6.910000000000001e-01	8.158608e-05	2.217080e-02
6.920000000000001e-01	8.422551e-05	2.286515e-02
6.930000000000001e-01	8.693548e-05	2.357663e-02
6.940000000000001e-01	8.971716e-05	2.430543e-02
6.950000000000001e-01	9.257166e-05	2.505174e-02
6.960000000000001e-01	9.550010e-05	2.581573e-02
6.970000000000001e-01	9.850358e-05	2.659757e-02
6.980000000000001e-01	1.015832e-04	2.739741e-02
6.990000000000001e-01	1.047400e-04	2.821541e-02
7.000000000000001e-01	1.079750e-04	2.905171e-02
7.010000000000001e-01	1.112894e-04	2.990644e-02
7.020000000000001e-01	1.146840e-04	3.077972e-02
7.030000000000001e-01	1.181599e-04	3.167165e-02
7.040000000000000e-01	1.217181e-04	3.258235e-02
7.050000000000000e-01	1.253595e-04	3.351191e-02
7.060000000000000e-01	1.290850e-04	3.446040e-02
7.070000000000000e-01	1.328956e-04	3.542789e-02
7.080000000000000e-01	1.367921e-04	3.641446e-02
7.090000000000000e-01	1.407754e-04	3.742014e-02
7.100000000000000e-01	1.448464e-04	3.844498e-02
7.110000000000000e-01	1.490058e-04	3.948901e-02
7.120000000000000e-01	1.532545e-04	4.055224e-02
7.130000000000000e-01	1.575932e-04	4.163469e-02
7.140000000000000e-01	1.620227e-04	4.273636e-02
7.150000000000000e-01	1.665436e-04	4.385722e-02
7.160000000000000e-01	1.711568e-04	4.499727e-02
7.170000000000000e-01	1.758628e-04	4.615647e-02
7.180000000000000e-01	1.806623e-04	4.733479e-02
7.190000000000000e-01	1.855560e-04	4.853216e-02
7.200000000000000e-01	1.905445e-04	4.974853e-02
7.210000000000000e-01	1.956282e-04	5.098384e-02
7.220000000000000e-01	2.008079e-04	5.223800e-02
7.230000000000000e-01	2.060840e-04	5.351093e-02
7.240000000000000e-01	2.114570e-04	5.480254e-02
7.250000000000000e-01	2.169275e-04	5.611272e-02
7.260000000000000e-01	2.224958e-04	5.744136e-02
7.270000000000000e-01	2.281626e-04	5.878835e-02
7.280000000000000e-01	2.339281e-04	6.015356e-02
7.290000000000000e-01	2.397929e-04	6.153686e-02
7.300000000000000e-01	2.457573e-04	6.293810e-02
7.310000000000000e-01	2.518216e-04	6.435715e-02
7.320000000000000e-01	2.579863e-04	6.579386e-02
7.330000000000000e-01	2.642517e-04	6.724806e-02
7.340000000000000e-01	2.706181e-04	6.871960e-02
7.350000000000000e-01	2.770858e-04	7.020830e-02
7.360000000000000e-01	2.836552e-04	7.171398e-02
7.370000000000000e-01	2.903265e-04	7.323650e-02
7.380000000000000e-01	2.970999e-04	7.477564e-02
7.390000000000000e-01	3.039757e-04	7.633123e-02
7.400000000000000e-01	3.109543e-04	7.790307e-02
7.410000000000000e-01	3.180357e-04	7.949098e-02
7.420000000000000e-01	3.252202e-04	8.109476e-02
7.430000000000000e-01	3.325080e-04	8.271421e-02
7.440000000000000e-01	3.398994e-04	8.434913e-02
7.450000000000000e-01	3.473944e-04	8.599930e-02
7.460000000000000e-01	3.549933e-04	8.766454e-02
7.470000000000000e-01	3.626963e-04	8.934461e-02
7.480000000000000e-01	3.705035e-04	9.103933e-02
7.490000000000000e-01	3.784150e-04	9.274846e-02
7.500000000000000e-01	3.864310e-04	9.447181e-02
7.510000000000000e-01	3.945516e-04	9.620915e-02
7.520000000000000e-01	4.027770e-04	9.796028e-02
7.530000000000000e-01	4.111073e-04	9.972496e-02
7.540000000000000e-01	4.195426e-04	1.015030e-01
7.550000000000000e-01	4.280830e-04	1.032941e-01
7.560000000000000e-01	4.367286e-04	1.050982e-01
7.570000000000000e-01	4.454796e-04	1.069150e-01
7.580000000000000e-01	4.543360e-04	1.087442e-01
7.590000000000000e-01	4.632979e-04	1.105857e-01
7.600000000000000e-01	4.723654e-04	1.124393e-01
7.610000000000000e-01	4.815386e-04	1.143047e-01
7.620000000000000e-01	4.908177e-04	1.161816e-01
7.630000000000000e-01	5.002026e-04	1.180700e-01
7.640000000000000e-01	5.096935e-04	1.199696e-01
7.650000000000000e-01	5.192903e-04	1.218802e-01
7.660000000000000e-01	5.289934e-04	1.238014e-01
7.670000000000000e-01	5.388026e-04	1.257333e-01
7.680000000000000e-01	5.487180e-04	1.276755e-01
7.690000000000000e-01	5.587398e-04	1.296278e-01
7.700000000000000e-01	5.688680e-04	1.315901e-01
7.710000000000000e-01	5.791027e-04	1.335620e-01
7.720000000000000e-01	5.894439e-04	1.355435e-01
7.730000000000000e-01	5.998918e-04	1.375343e-01
7.740000000000000e-01	6.104463e-04	1.395342e-01
7.750000000000000e-01	6.211075e-04	1.415431e-01
7.760000000000000e-01	6.318756e-04	1.435606e-01
7.770000000000000e-01	6.427505e-04	1.455867e-01
7.780000000000000e-01	6.537325e-04	1.476212e-01
7.790000000000000e-01	6.648214e-04	1.496637e-01
7.800000000000000e-01	6.760174e-04	1.517143e-01
7.810000000000000e-01	6.873205e-04	1.537725e-01
7.820000000000000e-01	6.987308e-04	1.558384e-01
7.830000000000000e-01	7.102485e-04	1.579117e-01
7.840000000000000e-01	7.218734e-04	1.599922e-01
7.850000000000000e-01	7.336058e-04	1.620797e-01
7.860000000000000e-01	7.454457e-04	1.641741e-01
7.870000000000000e-01	7.573931e-04	1.662752e-01
7.880000000000000e-01	7.694481e-04	1.683828e-01
7.890000000000000e-01	7.816107e-04	1.704967e-01
7.900000000000000e-01	7.938811e-04	1.726168e-01
7.910000000000000e-01	8.062594e-04	1.747430e-01
7.920000000000000e-01	8.187455e-04	1.768749e-01
7.930000000000000e-01	8.313396e-04	1.790126e-01
7.940000000000000e-01	8.440416e-04	1.811557e-01
7.950000000000000e-01	8.568518e-04	1.833043e-01
7.960000000000000e-01	8.697701e-04	1.854580e-01
7.970000000000000e-01	8.827965e-04	1.876168e-01
7.980000000000000e-01	8.959313e-04	1.897805e-01
7.990000000000000e-01	9.091744e-04	1.919490e-01
8.000000000000000e-01	9.225260e-04	1.941220e-01
